9
9
8
8
9
9
8
8
8
8
9
9
7
8
9
8
8
9
7
9
9
8
8
10
6
9
9
8
9
9
7
9
9
8
8
9
7
8
8
9
8
10
7
9
8
8
8
8
9
8
9
7
9
8
9
8
8
9
8
7
9
9
8
8
8
9
12
8
9
8
9
9
8
7
9
8
9
4
8
12
4
12
5
12
6
11
5
11
6
11
5
11
6
11
6
11
5
11
5
12
5
11
5
10
7
12
5
12
5
12
5
12
5
11
5
11
6
11
5
11
6
8
8
11
6
11
6
11
5
8
9
11
6
8
9
8
8
12
4
9
8
8
8
9
8
8
8
9
15
5
10
7
8
9
9
8
8
9
8
4
9
12
4
13
4
13
4
12
4
13
4
12
5
12
4
13
4
12
4
13
4
12
5
8
8
14
3
9
7
14
4
12
4
13
4
12
5
12
4
13
3
10
7
12
5
12
4
8
9
12
4
9
9
12
4
8
9
12
4
9
8
13
4
7
10
8
8
8
8
13
5
7
9
15
7
5
9
9
9
9
8
8
8
9
4
8
10
7
13
4
12
4
13
4
13
4
12
4
14
3
13
4
12
4
13
4
12
4
10
6
10
7
13
4
10
7
13
4
13
3
13
4
12
5
15
3
8
6
10
7
13
4
13
4
9
7
13
4
8
9
12
4
9
9
12
3
9
8
8
9
16
8
8
9
9
8
8
8
15
6
7
10
8
8
9
9
7
9
8
4
9
13
3
13
4
13
4
13
3
13
4
13
3
13
4
14
3
13
4
11
5
13
4
12
4
9
8
14
3
8
8
14
4
12
5
12
4
13
4
12
5
12
3
11
6
8
9
13
3
13
4
9
8
13
3
9
8
13
3
9
8
9
8
13
4
7
9
8
8
9
8
8
8
14
9
7
9
8
8
8
9
9
8
8
8
4
8
13
5
12
4
12
4
13
4
13
4
12
4
13
4
13
3
14
3
13
4
13
4
12
4
12
4
11
6
13
4
13
4
13
4
12
5
13
3
13
4
13
4
13
3
11
5
13
4
9
8
13
3
8
9
13
4
8
8
13
4
8
8
9
9
7
9
13
3
9
8
9
8
8
8
9
8
13
4
8
8
9
8
8
9
8
8
9
8
8
8
9
8
9
8
8
9
8
8
9
8
9
7
14
3
8
9
8
8
9
8
9
8
9
8
8
8
8
9
8
9
8
8
8
9
8
9
8
8
8
8
9
8
8
8
8
9
8
10
7
9
8
9
8
8
8
9
8
9
9
7
9
8
8
8
9
8
8
8
10
7
9
7
9
8
8
9
8
9
8
9
8
8
8
8
9
8
9
8
8
8
9
8
8
8
9
8
9
8
8
8
8
